Da1=1;
Da2=1;
