a11=1;
a12=0;
a21=0;
a22=2;